0 110 64
1 108 104
2 146 53
3 132 109
4 125 142
5 104 170
6 284 79
7 220 187
8 320 93
9 304 117
10 299 138
11 294 163
12 276 218
13 146 242
14 129 278
15 250 275
16 197 320
17 316 141
18 351 148
19 331 167
20 309 198
21 463 167
22 483 182
23 458 202
24 386 260
25 352 281
26 312 307
27 292 348
28 502 157
29 525 183
30 511 203
31 487 230
32 453 271
33 426 301
34 397 323
35 376 351
36 360 372
37 449 310
38 446 347
39 430 384
40 618 250
41 639 309
42 538 350
43 539 377
44 480 438
45 668 346
46 551 498
47 104 221
48 558 201
49 568 256
50 530 287
51 500 330
52 478 354
53 472 408