0 2 18
1 3 16
2 6 26
2 3 28
3 4 15
3 10 28
4 5 15
4 7 17
6 8 12
7 11 26
7 12 18
7 13 22
8 28 32
8 9 16
9 10 14
9 17 11
10 17 6
10 11 7
11 19 16
11 20 8
12 20 22
12 15 12
12 25 18
13 14 8
13 47 18
13 15 33
15 26 21
15 16 6
17 18 17
17 19 10
18 21 28
18 19 15
19 20 22
19 23 31
20 24 17
21 22 7
21 29 11
22 23 5
22 30 12
23 31 12
23 24 16
23 32 14
24 25 14
24 33 12
25 26 14
25 34 9
26 35 17
26 27 16
30 31 13
31 32 10
32 33 12
32 37 10
33 37 8
33 34 14
34 35 14
34 38 13
35 39 17
35 36 24
37 38 8
38 39 14
42 43 11
43 45 30
43 46 19
28 29 12
29 30 5
29 48 10
48 40 10
48 49 10
30 49 10
49 41 9
49 50 9
31 50 12
50 42 11
50 51 11
37 51 10
51 42 10
51 52 8
38 52 9
52 43 10
52 53 11
39 53 9
53 44 10
53 43 11